,data
875199,
875200,
875329,
875330,
875331,
875332,
875458,
875459,
875460,
875461,
875462,
875463,
875464,
875466,
875467,
875468,
875588,
875589,
875590,
875591,
875592,
875593,
875594,
875595,
875596,
875598,
875615,
875743,
891456,
891487,
891584,
891585,
891586,
891587,
891614,
891615,
891616,
891712,
891713,
891714,
891715,
891716,
891717,
891718,
891741,
891742,
891743,
891744,
891839,
891840,
891841,
891842,
891843,
891844,
891845,
891846,
891847,
891848,
891849,
891850,
891851,
891852,
891853,
891854,
891855,
891856,
891857,
891863,
891864,
891868,
891869,
891870,
891871,
891872,
891945,
891946,
891947,
891970,
891971,
891972,
891973,
891974,
891975,
891976,
891977,
891978,
891979,
891980,
891981,
891982,
891983,
891984,
891985,
891987,
891988,
891989,
891990,
891991,
891992,
891993,
891995,
891996,
891997,
891998,
891999,
892000,
892103,
892104,
892105,
892106,
892107,
892110,
892115,
892116,
892117,
892118,
892119,
892120,
892121,
892125,
892126,
892127,
892128,
892254,
892255,
892256,
893389,
893390,
893391,
893399,
893400,
893517,
893518,
893519,
893520,
893535,
893645,
893663,
907740,
907741,
907742,
907743,
907744,
907840,
907867,
907868,
907869,
907870,
907871,
907872,
907968,
907969,
907970,
907971,
907992,
907994,
907995,
907996,
907997,
907998,
907999,
908000,
908096,
908097,
908098,
908099,
908100,
908101,
908102,
908103,
908104,
908105,
908106,
908107,
908108,
908109,
908110,
908111,
908112,
908113,
908114,
908115,
908117,
908118,
908119,
908120,
908121,
908122,
908123,
908124,
908125,
908126,
908127,
908128,
908198,
908199,
908200,
908201,
908202,
908203,
908224,
908225,
908226,
908227,
908228,
908229,
908230,
908231,
908232,
908233,
908234,
908235,
908236,
908237,
908238,
908239,
908240,
908241,
908242,
908243,
908244,
908245,
908246,
908247,
908248,
908249,
908250,
908251,
908252,
908253,
908254,
908255,
908256,
908324,
908325,
908326,
908327,
908328,
908329,
908330,
908331,
908350,
908351,
908352,
908353,
908354,
908355,
908356,
908357,
908358,
908359,
908360,
908361,
908362,
908363,
908364,
908365,
908366,
908367,
908368,
908369,
908370,
908371,
908372,
908373,
908374,
908375,
908376,
908377,
908378,
908379,
908380,
908381,
908382,
908383,
908384,
908452,
908467,
908468,
908469,
908499,
908500,
908501,
908502,
908503,
908504,
908505,
908506,
908507,
908508,
908509,
908510,
908511,
908512,
908592,
908593,
908594,
908595,
908596,
908597,
908637,
908638,
908639,
908640,
908767,
909655,
909656,
909773,
909774,
909775,
909776,
909777,
909778,
909779,
909780,
909781,
909782,
909783,
909784,
909785,
909786,
909787,
909788,
909789,
909790,
909791,
909901,
909902,
909903,
909904,
909905,
909906,
909907,
909908,
909909,
909910,
909911,
909912,
909913,
909914,
909915,
909916,
909917,
909918,
909919,
909920,
910029,
910030,
910031,
910032,
910033,
910034,
910040,
910041,
910042,
910043,
910044,
910045,
910046,
910047,
910048,
910169,
910170,
910172,
910173,
910174,
910175,
910176,
910301,
910302,
910303,
910304,
910430,
910431,
910432,
910559,
923866,
923867,
923868,
923869,
923870,
923994,
923995,
923996,
923997,
923998,
923999,
924000,
924121,
924122,
924123,
924124,
924125,
924126,
924127,
924128,
924224,
924246,
924247,
924248,
924249,
924250,
924251,
924252,
924253,
924254,
924255,
924256,
924352,
924353,
924354,
924355,
924356,
924357,
924358,
924361,
924362,
924363,
924364,
924365,
924366,
924367,
924368,
924369,
924370,
924371,
924372,
924373,
924374,
924375,
924376,
924377,
924378,
924379,
924380,
924381,
924382,
924383,
924384,
924455,
924456,
924458,
924480,
924481,
924482,
924483,
924484,
924485,
924486,
924487,
924488,
924489,
924490,
924491,
924492,
924493,
924494,
924495,
924496,
924497,
924498,
924499,
924500,
924501,
924502,
924503,
924504,
924505,
924506,
924507,
924508,
924509,
924510,
924511,
924512,
924581,
924582,
924583,
924584,
924585,
924586,
924608,
924609,
924610,
924611,
924612,
924613,
924614,
924615,
924616,
924617,
924618,
924619,
924620,
924621,
924622,
924623,
924624,
924625,
924626,
924627,
924628,
924629,
924630,
924631,
924632,
924633,
924634,
924635,
924636,
924637,
924638,
924639,
924640,
924708,
924709,
924710,
924711,
924712,
924713,
924714,
924736,
924737,
924738,
924739,
924740,
924741,
924742,
924743,
924744,
924745,
924746,
924747,
924748,
924749,
924750,
924751,
924752,
924753,
924754,
924755,
924756,
924757,
924758,
924759,
924760,
924761,
924762,
924763,
924764,
924765,
924766,
924767,
924768,
924836,
924837,
924838,
924839,
924840,
924841,
924842,
924860,
924861,
924862,
924863,
924864,
924865,
924883,
924884,
924885,
924886,
924890,
924891,
924892,
924893,
924894,
924895,
924896,
924980,
924981,
924982,
925022,
925023,
925024,
925105,
925106,
925107,
925108,
925109,
926039,
926040,
926157,
926158,
926159,
926160,
926161,
926162,
926163,
926164,
926165,
926166,
926167,
926168,
926169,
926170,
926171,
926172,
926173,
926174,
926175,
926285,
926286,
926287,
926288,
926289,
926290,
926291,
926292,
926293,
926294,
926295,
926296,
926297,
926298,
926299,
926300,
926301,
926302,
926303,
926304,
926413,
926414,
926415,
926416,
926417,
926418,
926419,
926420,
926421,
926422,
926423,
926424,
926425,
926426,
926427,
926428,
926429,
926430,
926431,
926432,
926541,
926542,
926543,
926544,
926545,
926546,
926547,
926548,
926549,
926550,
926551,
926552,
926553,
926554,
926555,
926556,
926557,
926558,
926559,
926560,
926679,
926680,
926681,
926682,
926683,
926684,
926685,
926686,
926687,
926688,
926808,
926809,
926810,
926811,
926812,
926813,
926814,
926815,
926816,
926940,
926941,
926942,
926943,
926944,
927068,
927069,
927070,
927071,
927072,
927196,
927197,
927198,
940121,
940122,
940123,
940124,
940125,
940126,
940248,
940249,
940250,
940251,
940252,
940253,
940254,
940255,
940374,
940375,
940376,
940377,
940378,
940379,
940380,
940381,
940382,
940383,
940384,
940498,
940499,
940500,
940501,
940502,
940503,
940504,
940505,
940506,
940507,
940508,
940509,
940510,
940511,
940512,
940618,
940619,
940620,
940621,
940622,
940623,
940624,
940625,
940626,
940627,
940628,
940629,
940630,
940631,
940632,
940633,
940634,
940635,
940636,
940637,
940638,
940639,
940640,
940736,
940737,
940738,
940739,
940740,
940741,
940742,
940743,
940744,
940745,
940746,
940747,
940748,
940749,
940750,
940751,
940752,
940753,
940754,
940755,
940756,
940757,
940758,
940759,
940760,
940761,
940762,
940763,
940764,
940765,
940766,
940767,
940768,
940864,
940865,
940866,
940867,
940868,
940869,
940870,
940871,
940872,
940873,
940874,
940875,
940876,
940877,
940878,
940879,
940880,
940881,
940882,
940883,
940884,
940885,
940886,
940887,
940888,
940889,
940890,
940891,
940892,
940893,
940894,
940895,
940896,
940965,
940966,
940967,
940968,
940970,
940992,
940993,
940994,
940995,
940996,
940997,
940998,
940999,
941000,
941001,
941002,
941003,
941004,
941005,
941006,
941007,
941008,
941009,
941010,
941011,
941012,
941013,
941014,
941015,
941016,
941017,
941018,
941019,
941020,
941021,
941022,
941023,
941024,
941092,
941093,
941094,
941095,
941096,
941097,
941098,
941120,
941121,
941122,
941123,
941124,
941125,
941126,
941127,
941128,
941129,
941130,
941131,
941132,
941133,
941134,
941138,
941139,
941140,
941141,
941142,
941146,
941147,
941148,
941149,
941150,
941151,
941152,
941220,
941221,
941222,
941223,
941224,
941225,
941226,
941227,
941248,
941249,
941250,
941277,
941278,
941279,
941280,
941348,
941349,
941350,
941351,
941352,
941353,
941354,
941371,
941372,
941373,
941374,
941375,
941406,
941407,
941408,
941476,
942541,
942542,
942543,
942544,
942545,
942546,
942547,
942548,
942549,
942550,
942551,
942552,
942553,
942554,
942555,
942556,
942557,
942558,
942559,
942669,
942670,
942671,
942672,
942673,
942674,
942675,
942676,
942677,
942678,
942679,
942680,
942681,
942682,
942683,
942684,
942685,
942686,
942687,
942688,
942797,
942798,
942799,
942800,
942801,
942802,
942803,
942804,
942805,
942806,
942807,
942808,
942809,
942810,
942811,
942812,
942813,
942814,
942815,
942816,
942925,
942926,
942927,
942928,
942929,
942930,
942931,
942932,
942933,
942934,
942935,
942936,
942937,
942938,
942939,
942940,
942941,
942942,
942943,
942944,
943053,
943054,
943055,
943056,
943057,
943058,
943059,
943060,
943061,
943062,
943063,
943064,
943065,
943066,
943067,
943068,
943069,
943070,
943071,
943072,
943185,
943186,
943187,
943188,
943189,
943190,
943191,
943192,
943193,
943194,
943195,
943196,
943197,
943198,
943199,
943200,
943314,
943315,
943317,
943318,
943319,
943320,
943321,
943322,
943323,
943324,
943325,
943326,
943327,
943328,
943447,
943448,
943449,
943450,
943451,
943452,
943453,
943454,
943455,
943456,
943577,
943578,
943579,
943580,
943581,
943582,
943583,
943584,
943707,
943708,
943709,
943710,
943711,
943836,
943837,
943838,
956377,
956378,
956379,
956380,
956502,
956503,
956504,
956505,
956506,
956507,
956508,
956509,
956510,
956628,
956629,
956630,
956631,
956632,
956633,
956634,
956635,
956636,
956637,
956638,
956639,
956753,
956754,
956755,
956756,
956757,
956758,
956759,
956760,
956761,
956762,
956763,
956764,
956765,
956766,
956767,
956768,
956874,
956875,
956876,
956877,
956878,
956879,
956880,
956881,
956882,
956883,
956884,
956885,
956886,
956887,
956888,
956889,
956890,
956891,
956892,
956893,
956894,
956895,
956896,
956992,
956993,
956994,
956995,
956996,
956997,
956998,
956999,
957000,
957001,
957002,
957003,
957004,
957005,
957006,
957007,
957008,
957009,
957010,
957011,
957012,
957013,
957014,
957015,
957016,
957017,
957018,
957019,
957020,
957021,
957022,
957023,
957024,
957120,
957121,
957122,
957123,
957124,
957125,
957126,
957127,
957128,
957129,
957130,
957131,
957132,
957133,
957134,
957135,
957136,
957137,
957138,
957139,
957140,
957141,
957142,
957143,
957144,
957145,
957146,
957147,
957148,
957149,
957150,
957151,
957152,
957248,
957249,
957250,
957251,
957252,
957253,
957254,
957255,
957256,
957257,
957258,
957259,
957260,
957261,
957262,
957263,
957264,
957265,
957266,
957267,
957268,
957269,
957270,
957271,
957272,
957273,
957274,
957275,
957276,
957277,
957278,
957279,
957280,
957376,
957377,
957378,
957379,
957380,
957381,
957382,
957383,
957384,
957385,
957386,
957387,
957388,
957389,
957390,
957391,
957392,
957393,
957394,
957395,
957396,
957397,
957398,
957399,
957400,
957401,
957402,
957403,
957404,
957405,
957406,
957407,
957408,
957476,
957477,
957478,
957479,
957504,
957505,
957506,
957507,
957508,
957509,
957510,
957511,
957512,
957513,
957514,
957515,
957516,
957517,
957518,
957530,
957531,
957532,
957533,
957534,
957535,
957536,
957604,
957605,
957606,
957607,
957609,
957611,
957632,
957633,
957634,
957635,
957636,
957637,
957641,
957661,
957662,
957663,
957664,
957732,
957733,
957734,
957735,
957738,
957739,
957756,
957757,
957758,
957759,
957760,
957791,
958925,
958926,
958927,
958928,
958929,
958930,
958931,
958932,
958933,
958934,
958935,
958936,
958937,
958938,
958939,
958940,
958941,
958942,
958943,
958944,
959053,
959054,
959055,
959056,
959057,
959058,
959059,
959060,
959061,
959062,
959063,
959064,
959065,
959066,
959067,
959068,
959069,
959070,
959071,
959072,
959181,
959182,
959183,
959184,
959185,
959186,
959187,
959188,
959189,
959190,
959191,
959192,
959193,
959194,
959195,
959196,
959197,
959198,
959199,
959200,
959309,
959310,
959311,
959312,
959313,
959314,
959315,
959316,
959317,
959318,
959319,
959320,
959321,
959322,
959323,
959324,
959325,
959326,
959327,
959328,
959437,
959438,
959439,
959440,
959441,
959442,
959443,
959444,
959445,
959446,
959447,
959448,
959449,
959450,
959451,
959452,
959453,
959454,
959455,
959456,
959565,
959566,
959567,
959568,
959569,
959570,
959571,
959572,
959573,
959574,
959575,
959576,
959577,
959578,
959579,
959580,
959581,
959582,
959583,
959584,
959694,
959695,
959696,
959697,
959698,
959699,
959700,
959701,
959702,
959703,
959704,
959705,
959706,
959707,
959708,
959709,
959710,
959711,
959712,
959824,
959825,
959826,
959827,
959828,
959829,
959830,
959831,
959832,
959833,
959834,
959835,
959836,
959837,
959838,
959839,
959840,
959954,
959955,
959956,
959957,
959958,
959959,
959960,
959961,
959962,
959963,
959964,
959965,
959966,
959967,
959968,
960083,
960084,
960085,
960086,
960087,
960088,
960089,
960090,
960091,
960092,
960093,
960094,
960095,
960212,
960213,
960214,
960219,
960220,
960221,
960222,
972757,
972758,
972759,
972760,
972761,
972762,
972763,
972764,
972765,
972882,
972883,
972884,
972885,
972886,
972887,
972888,
972889,
972890,
972891,
972892,
972893,
972894,
973007,
973008,
973009,
973010,
973011,
973012,
973013,
973014,
973015,
973016,
973017,
973018,
973019,
973020,
973021,
973022,
973023,
973130,
973131,
973132,
973133,
973134,
973135,
973136,
973137,
973138,
973139,
973140,
973141,
973142,
973143,
973144,
973145,
973146,
973147,
973148,
973149,
973150,
973151,
973152,
973248,
973249,
973250,
973251,
973252,
973253,
973254,
973255,
973256,
973257,
973258,
973259,
973260,
973261,
973262,
973263,
973264,
973265,
973266,
973267,
973268,
973269,
973270,
973271,
973272,
973273,
973274,
973275,
973276,
973277,
973278,
973279,
973280,
973376,
973377,
973378,
973379,
973380,
973381,
973382,
973383,
973384,
973385,
973386,
973387,
973388,
973389,
973390,
973391,
973392,
973393,
973394,
973395,
973396,
973397,
973398,
973399,
973400,
973401,
973402,
973403,
973404,
973405,
973406,
973407,
973408,
973504,
973505,
973506,
973507,
973508,
973509,
973510,
973511,
973512,
973513,
973514,
973515,
973516,
973517,
973518,
973519,
973520,
973521,
973522,
973523,
973524,
973525,
973526,
973527,
973528,
973529,
973530,
973531,
973532,
973533,
973534,
973535,
973536,
973632,
973633,
973634,
973635,
973636,
973637,
973638,
973639,
973640,
973641,
973642,
973643,
973644,
973645,
973646,
973647,
973648,
973649,
973650,
973651,
973652,
973653,
973654,
973655,
973656,
973657,
973658,
973659,
973660,
973661,
973662,
973663,
973664,
973760,
973761,
973762,
973763,
973764,
973765,
973766,
973767,
973768,
973769,
973770,
973771,
973772,
973773,
973774,
973775,
973776,
973777,
973778,
973779,
973780,
973781,
973782,
973783,
973784,
973785,
973786,
973787,
973788,
973789,
973790,
973791,
973792,
973888,
973889,
973890,
973891,
973892,
973893,
973894,
973895,
973896,
973897,
973898,
973899,
973900,
973901,
973902,
973903,
973904,
973905,
973906,
973912,
973913,
973914,
973915,
973916,
973917,
973918,
973919,
973920,
973989,
974016,
974017,
974018,
974019,
974020,
974021,
974022,
974023,
974024,
974025,
974026,
974027,
974028,
974046,
974047,
974048,
974144,
974145,
974175,
975181,
975182,
975183,
975184,
975188,
975309,
975310,
975311,
975312,
975313,
975314,
975315,
975316,
975317,
975318,
975319,
975320,
975321,
975322,
975323,
975324,
975325,
975326,
975327,
975328,
975437,
975438,
975439,
975440,
975441,
975442,
975443,
975444,
975445,
975446,
975447,
975448,
975449,
975450,
975451,
975452,
975453,
975454,
975455,
975456,
975565,
975566,
975567,
975568,
975569,
975570,
975571,
975572,
975573,
975574,
975575,
975576,
975577,
975578,
975579,
975580,
975581,
975582,
975583,
975584,
975693,
975694,
975695,
975696,
975697,
975698,
975699,
975700,
975701,
975702,
975703,
975704,
975705,
975706,
975707,
975708,
975709,
975710,
975711,
975712,
975821,
975822,
975823,
975824,
975825,
975826,
975827,
975828,
975829,
975830,
975831,
975832,
975833,
975834,
975835,
975836,
975837,
975838,
975839,
975840,
975949,
975950,
975951,
975952,
975953,
975954,
975955,
975956,
975957,
975958,
975959,
975960,
975961,
975962,
975963,
975964,
975965,
975966,
975967,
975968,
976077,
976078,
976079,
976080,
976081,
976082,
976083,
976084,
976085,
976086,
976087,
976088,
976089,
976090,
976091,
976092,
976093,
976094,
976095,
976096,
976205,
976206,
976207,
976208,
976209,
976210,
976211,
976212,
976213,
976214,
976215,
976216,
976217,
976218,
976219,
976220,
976221,
976222,
976223,
976224,
976335,
976336,
976337,
976338,
976339,
976340,
976341,
976342,
976343,
976344,
976345,
976346,
976347,
976348,
976349,
976350,
976351,
976352,
976464,
976465,
976466,
976467,
976468,
976469,
976470,
976471,
976472,
976473,
976474,
976475,
976476,
976477,
976478,
976479,
976594,
976595,
976596,
976597,
976598,
976599,
976600,
976601,
976602,
976603,
976604,
976605,
976606,
976723,
976724,
976725,
976726,
976727,
976852,
976853,
976854,
976855,
989013,
989014,
989015,
989019,
989138,
989139,
989140,
989141,
989142,
989143,
989144,
989145,
989146,
989147,
989148,
989149,
989261,
989262,
989263,
989264,
989265,
989266,
989267,
989268,
989269,
989270,
989271,
989272,
989273,
989274,
989275,
989276,
989277,
989278,
989386,
989387,
989388,
989389,
989390,
989391,
989392,
989393,
989394,
989395,
989396,
989397,
989398,
989399,
989400,
989401,
989402,
989403,
989404,
989405,
989406,
989407,
989510,
989511,
989512,
989513,
989514,
989515,
989516,
989517,
989518,
989519,
989520,
989521,
989522,
989523,
989524,
989525,
989526,
989527,
989528,
989529,
989530,
989531,
989532,
989533,
989534,
989535,
989536,
989632,
989633,
989634,
989635,
989636,
989637,
989638,
989639,
989640,
989641,
989642,
989643,
989644,
989645,
989646,
989647,
989648,
989649,
989650,
989651,
989652,
989653,
989654,
989655,
989656,
989657,
989658,
989659,
989660,
989661,
989662,
989663,
989664,
989760,
989761,
989762,
989763,
989764,
989765,
989766,
989767,
989768,
989769,
989770,
989771,
989772,
989773,
989774,
989775,
989776,
989777,
989778,
989779,
989780,
989781,
989782,
989783,
989784,
989785,
989786,
989787,
989788,
989789,
989790,
989791,
989792,
989888,
989889,
989890,
989891,
989892,
989893,
989894,
989895,
989896,
989897,
989898,
989899,
989900,
989901,
989902,
989903,
989904,
989905,
989906,
989907,
989908,
989909,
989910,
989911,
989912,
989913,
989914,
989915,
989916,
989917,
989918,
989919,
989920,
990016,
990017,
990018,
990019,
990020,
990021,
990022,
990023,
990024,
990025,
990026,
990027,
990028,
990029,
990030,
990031,
990032,
990033,
990034,
990035,
990036,
990037,
990038,
990039,
990040,
990041,
990042,
990043,
990044,
990045,
990046,
990047,
990048,
990144,
990145,
990146,
990147,
990148,
990149,
990150,
990151,
990152,
990153,
990154,
990155,
990156,
990157,
990158,
990159,
990160,
990161,
990162,
990163,
990164,
990165,
990166,
990167,
990168,
990169,
990170,
990171,
990172,
990173,
990174,
990175,
990176,
990272,
990273,
990274,
990275,
990276,
990277,
990278,
990279,
990280,
990281,
990282,
990283,
990284,
990285,
990286,
990287,
990288,
990289,
990290,
990291,
990292,
990293,
990294,
990295,
990296,
990297,
990298,
990299,
990300,
990301,
990302,
990303,
990304,
990400,
990401,
990402,
990403,
990404,
990405,
990406,
990407,
990408,
990409,
990410,
990411,
990412,
990413,
990414,
990415,
990416,
990430,
990431,
990432,
990537,
991565,
991566,
991567,
991568,
991569,
991570,
991571,
991572,
991573,
991574,
991575,
991576,
991577,
991578,
991579,
991580,
991581,
991693,
991694,
991695,
991696,
991697,
991698,
991699,
991700,
991701,
991702,
991703,
991704,
991705,
991706,
991707,
991708,
991709,
991710,
991711,
991821,
991822,
991823,
991824,
991825,
991826,
991827,
991828,
991829,
991830,
991831,
991832,
991833,
991834,
991835,
991836,
991837,
991838,
991839,
991840,
991949,
991950,
991951,
991952,
991953,
991954,
991955,
991956,
991957,
991958,
991959,
991960,
991961,
991962,
991963,
991964,
991965,
991966,
991967,
991968,
992077,
992078,
992079,
992080,
992081,
992082,
992083,
992084,
992085,
992086,
992087,
992088,
992089,
992090,
992091,
992092,
992093,
992094,
992095,
992096,
992205,
992206,
992207,
992208,
992209,
992210,
992211,
992212,
992213,
992214,
992215,
992216,
992217,
992218,
992219,
992220,
992221,
992222,
992223,
992224,
992333,
992334,
992335,
992336,
992337,
992338,
992339,
992340,
992341,
992342,
992343,
992344,
992345,
992346,
992347,
992348,
992349,
992350,
992351,
992352,
992461,
992462,
992463,
992464,
992465,
992466,
992467,
992468,
992469,
992470,
992471,
992472,
992473,
992474,
992475,
992476,
992477,
992478,
992479,
992480,
992588,
992589,
992590,
992591,
992592,
992593,
992594,
992595,
992596,
992597,
992598,
992599,
992600,
992601,
992602,
992603,
992604,
992605,
992606,
992607,
992608,
992716,
992717,
992718,
992719,
992720,
992721,
992722,
992723,
992724,
992725,
992726,
992727,
992728,
992729,
992730,
992731,
992732,
992733,
992734,
992735,
992845,
992846,
992847,
992848,
992849,
992850,
992851,
992852,
992853,
992854,
992855,
992856,
992857,
992858,
992859,
992860,
992861,
992862,
992863,
992974,
992975,
992976,
992977,
992978,
992979,
992980,
992981,
992982,
992983,
992984,
992985,
992986,
992987,
992988,
992989,
992990,
993103,
993104,
993105,
993106,
993107,
993108,
993109,
993110,
993111,
993112,
993233,
993234,
993235,
993236,
993237,
993238,
993239,
993363,
993364,
993365,
993366,
993367,
1005395,
1005396,
1005397,
1005398,
1005399,
1005519,
1005520,
1005521,
1005522,
1005523,
1005524,
1005525,
1005526,
1005527,
1005528,
1005529,
1005530,
1005531,
1005532,
1005642,
1005643,
1005644,
1005645,
1005646,
1005647,
1005648,
1005649,
1005650,
1005651,
1005652,
1005653,
1005654,
1005655,
1005656,
1005657,
1005658,
1005659,
1005660,
1005661,
1005662,
1005767,
1005768,
1005769,
1005770,
1005771,
1005772,
1005773,
1005774,
1005775,
1005776,
1005777,
1005778,
1005779,
1005780,
1005781,
1005782,
1005783,
1005784,
1005785,
1005786,
1005787,
1005788,
1005789,
1005790,
1005888,
1005889,
1005890,
1005891,
1005892,
1005893,
1005894,
1005895,
1005896,
1005897,
1005898,
1005899,
1005900,
1005901,
1005902,
1005903,
1005904,
1005905,
1005906,
1005907,
1005908,
1005909,
1005910,
1005911,
1005912,
1005913,
1005914,
1005915,
1005916,
1005917,
1005918,
1005919,
1006016,
1006017,
1006018,
1006019,
1006020,
1006021,
1006022,
1006023,
1006024,
1006025,
1006026,
1006027,
1006028,
1006029,
1006030,
1006031,
1006032,
1006033,
1006034,
1006035,
1006036,
1006037,
1006038,
1006039,
1006040,
1006041,
1006042,
1006043,
1006044,
1006045,
1006046,
1006047,
1006048,
1006144,
1006145,
1006146,
1006147,
1006148,
1006149,
1006150,
1006151,
1006152,
1006153,
1006154,
1006155,
1006156,
1006157,
1006158,
1006159,
1006160,
1006161,
1006162,
1006163,
1006164,
1006165,
1006166,
1006167,
1006168,
1006169,
1006170,
1006171,
1006172,
1006173,
1006174,
1006175,
1006176,
1006272,
1006273,
1006274,
1006275,
1006276,
1006277,
1006278,
1006279,
1006280,
1006281,
1006282,
1006283,
1006284,
1006285,
1006286,
1006287,
1006288,
1006289,
1006290,
1006291,
1006292,
1006293,
1006294,
1006295,
1006296,
1006297,
1006298,
1006299,
1006300,
1006301,
1006302,
1006303,
1006304,
1006400,
1006401,
1006402,
1006403,
1006404,
1006405,
1006406,
1006407,
1006408,
1006409,
1006410,
1006411,
1006412,
1006413,
1006414,
1006415,
1006416,
1006417,
1006418,
1006419,
1006420,
1006421,
1006422,
1006423,
1006424,
1006425,
1006426,
1006427,
1006428,
1006429,
1006430,
1006431,
1006432,
1006528,
1006529,
1006530,
1006531,
1006532,
1006533,
1006534,
1006535,
1006536,
1006537,
1006538,
1006539,
1006540,
1006541,
1006542,
1006543,
1006544,
1006545,
1006546,
1006547,
1006548,
1006549,
1006550,
1006551,
1006552,
1006553,
1006554,
1006555,
1006556,
1006557,
1006558,
1006559,
1006560,
1006657,
1006658,
1006659,
1006660,
1006661,
1006662,
1006663,
1006664,
1006665,
1006666,
1006667,
1006668,
1006669,
1006670,
1006671,
1006672,
1006673,
1006674,
1006675,
1006676,
1006677,
1006678,
1006679,
1006680,
1006681,
1006682,
1006683,
1006684,
1006685,
1006686,
1006687,
1006790,
1006791,
1006792,
1006793,
1006794,
1006795,
1006796,
1006797,
1006798,
1006799,
1006800,
1006801,
1006923,
1007828,
1007949,
1007950,
1007951,
1007952,
1007953,
1007954,
1007955,
1007956,
1007957,
1007958,
1007959,
1007960,
1007961,
1007962,
1007963,
1007964,
1007965,
1008077,
1008078,
1008079,
1008080,
1008081,
1008082,
1008083,
1008084,
1008085,
1008086,
1008087,
1008088,
1008089,
1008090,
1008091,
1008092,
1008093,
1008094,
1008095,
1008205,
1008206,
1008207,
1008208,
1008209,
1008210,
1008211,
1008212,
1008213,
1008214,
1008215,
1008216,
1008217,
1008218,
1008219,
1008220,
1008221,
1008222,
1008223,
1008224,
1008333,
1008334,
1008335,
1008336,
1008337,
1008338,
1008339,
1008340,
1008341,
1008342,
1008343,
1008344,
1008345,
1008346,
1008347,
1008348,
1008349,
1008350,
1008351,
1008352,
1008461,
1008462,
1008463,
1008464,
1008465,
1008466,
1008467,
1008468,
1008469,
1008470,
1008471,
1008472,
1008473,
1008474,
1008475,
1008476,
1008477,
1008478,
1008479,
1008480,
1008589,
1008590,
1008591,
1008592,
1008593,
1008594,
1008595,
1008596,
1008597,
1008598,
1008599,
1008600,
1008601,
1008602,
1008603,
1008604,
1008605,
1008606,
1008607,
1008608,
1008717,
1008718,
1008719,
1008720,
1008721,
1008722,
1008723,
1008724,
1008725,
1008726,
1008727,
1008728,
1008729,
1008730,
1008731,
1008732,
1008733,
1008734,
1008735,
1008736,
1008845,
1008846,
1008847,
1008848,
1008849,
1008850,
1008851,
1008852,
1008853,
1008854,
1008855,
1008856,
1008857,
1008858,
1008859,
1008860,
1008861,
1008862,
1008863,
1008864,
1008973,
1008974,
1008975,
1008976,
1008977,
1008978,
1008979,
1008980,
1008981,
1008982,
1008983,
1008984,
1008985,
1008986,
1008987,
1008988,
1008989,
1008990,
1008991,
1008992,
1009100,
1009101,
1009102,
1009103,
1009104,
1009105,
1009106,
1009107,
1009108,
1009109,
1009110,
1009111,
1009112,
1009113,
1009114,
1009115,
1009116,
1009117,
1009118,
1009119,
1009228,
1009229,
1009230,
1009231,
1009232,
1009233,
1009234,
1009235,
1009236,
1009237,
1009238,
1009239,
1009240,
1009241,
1009242,
1009243,
1009244,
1009245,
1009246,
1009356,
1009357,
1009358,
1009359,
1009360,
1009361,
1009362,
1009363,
1009364,
1009365,
1009366,
1009367,
1009368,
1009369,
1009370,
1009372,
1009373,
1009374,
1009485,
1009486,
1009487,
1009488,
1009489,
1009490,
1009491,
1009492,
1009493,
1009494,
1009495,
1009496,
1009614,
1009615,
1009616,
1009617,
1009618,
1009619,
1009620,
1009621,
1009622,
1009623,
1009744,
1009745,
1009746,
1009747,
1009748,
1009749,
1009750,
1009751,
1009872,
1009873,
1009874,
1009875,
1009876,
1009877,
1009878,
1009879,
1021778,
1021779,
1021780,
1021781,
1021782,
1021898,
1021899,
1021900,
1021901,
1021902,
1021903,
1021904,
1021905,
1021906,
1021907,
1021908,
1021909,
1021910,
1021911,
1021912,
1021914,
1021915,
1021916,
1022024,
1022025,
1022026,
1022027,
1022028,
1022029,
1022030,
1022031,
1022032,
1022033,
1022034,
1022035,
1022036,
1022037,
1022038,
1022039,
1022040,
1022041,
1022042,
1022043,
1022044,
1022147,
1022148,
1022149,
1022150,
1022151,
1022152,
1022153,
1022154,
1022155,
1022156,
1022157,
1022158,
1022159,
1022160,
1022161,
1022162,
1022163,
1022164,
1022165,
1022166,
1022167,
1022168,
1022169,
1022170,
1022171,
1022172,
1022173,
1022272,
1022273,
1022274,
1022275,
1022276,
1022277,
1022278,
1022279,
1022280,
1022281,
1022282,
1022283,
1022284,
1022285,
1022286,
1022287,
1022288,
1022289,
1022290,
1022291,
1022292,
1022293,
1022294,
1022295,
1022296,
1022297,
1022298,
1022299,
1022300,
1022301,
1022400,
1022401,
1022402,
1022403,
1022404,
1022405,
1022406,
1022407,
1022408,
1022409,
1022410,
1022411,
1022412,
1022413,
1022414,
1022415,
1022416,
1022417,
1022418,
1022419,
1022420,
1022421,
1022422,
1022423,
1022424,
1022425,
1022426,
1022427,
1022428,
1022429,
1022528,
1022529,
1022530,
1022531,
1022532,
1022533,
1022534,
1022535,
1022536,
1022537,
1022538,
1022539,
1022540,
1022541,
1022542,
1022543,
1022544,
1022545,
1022546,
1022547,
1022548,
1022549,
1022550,
1022551,
1022552,
1022553,
1022554,
1022555,
1022556,
1022656,
1022657,
1022658,
1022659,
1022660,
1022661,
1022662,
1022663,
1022664,
1022665,
1022666,
1022667,
1022668,
1022669,
1022670,
1022671,
1022672,
1022673,
1022674,
1022675,
1022676,
1022677,
1022678,
1022679,
1022680,
1022681,
1022682,
1022683,
1022684,
1022685,
1022784,
1022785,
1022786,
1022787,
1022788,
1022789,
1022790,
1022791,
1022792,
1022793,
1022794,
1022795,
1022797,
1022798,
1022799,
1022800,
1022801,
1022802,
1022803,
1022804,
1022805,
1022806,
1022807,
1022808,
1022809,
1022810,
1022811,
1022812,
1022813,
1022913,
1022914,
1022915,
1022916,
1022917,
1022918,
1022919,
1022920,
1022921,
1022922,
1022923,
1022924,
1022925,
1022926,
1022927,
1022928,
1022929,
1022930,
1022931,
1022932,
1022933,
1022934,
1022935,
1022936,
1022937,
1022938,
1022939,
1022940,
1022941,
1023049,
1023050,
1023051,
1023052,
1023053,
1023054,
1023055,
1023056,
1023057,
1023058,
1023059,
1023060,
1023061,
1023062,
1023063,
1023064,
1023065,
1023066,
1023067,
1023068,
1023178,
1023179,
1023180,
1023181,
1023182,
1023183,
1023184,
1023185,
1023186,
1023187,
1024338,
1024339,
1024340,
1024341,
1024342,
1024345,
1024346,
1024347,
1024460,
1024461,
1024462,
1024463,
1024464,
1024465,
1024466,
1024467,
1024468,
1024469,
1024470,
1024471,
1024472,
1024473,
1024474,
1024475,
1024476,
1024477,
1024478,
1024588,
1024589,
1024590,
1024591,
1024592,
1024593,
1024594,
1024595,
1024596,
1024597,
1024598,
1024599,
1024600,
1024601,
1024602,
1024603,
1024604,
1024605,
1024606,
1024716,
1024717,
1024718,
1024719,
1024720,
1024721,
1024722,
1024723,
1024724,
1024725,
1024726,
1024727,
1024728,
1024729,
1024730,
1024731,
1024732,
1024733,
1024734,
1024735,
1024845,
1024846,
1024847,
1024848,
1024849,
1024850,
1024851,
1024852,
1024853,
1024854,
1024855,
1024856,
1024857,
1024858,
1024859,
1024860,
1024861,
1024862,
1024863,
1024864,
1024973,
1024974,
1024975,
1024976,
1024977,
1024978,
1024979,
1024980,
1024981,
1024982,
1024983,
1024984,
1024985,
1024986,
1024987,
1024988,
1024989,
1024990,
1024991,
1024992,
1025101,
1025102,
1025103,
1025104,
1025105,
1025106,
1025107,
1025108,
1025109,
1025110,
1025111,
1025112,
1025113,
1025118,
1025119,
1025120,
1025229,
1025230,
1025231,
1025232,
1025233,
1025234,
1025235,
1025236,
1025237,
1025238,
1025239,
1025240,
1025241,
1025242,
1025247,
1025357,
1025358,
1025359,
1025360,
1025361,
1025362,
1025363,
1025364,
1025365,
1025366,
1025367,
1025368,
1025369,
1025370,
1025371,
1025372,
1025373,
1025485,
1025486,
1025487,
1025488,
1025489,
1025490,
1025491,
1025492,
1025493,
1025494,
1025495,
1025496,
1025497,
1025498,
1025500,
1025501,
1025502,
1025613,
1025614,
1025615,
1025616,
1025617,
1025618,
1025619,
1025620,
1025621,
1025622,
1025623,
1025624,
1025625,
1025626,
1025627,
1025629,
1025741,
1025742,
1025743,
1025744,
1025745,
1025746,
1025747,
1025748,
1025749,
1025750,
1025751,
1025752,
1025753,
1025754,
1025867,
1025868,
1025869,
1025870,
1025871,
1025872,
1025873,
1025874,
1025875,
1025876,
1025877,
1025878,
1025879,
1025880,
1025996,
1025997,
1025998,
1025999,
1026000,
1026001,
1026002,
1026003,
1026004,
1026005,
1026006,
1026007,
1026126,
1026127,
1026128,
1026129,
1026130,
1026131,
1026132,
1026133,
1026134,
1026135,
1026255,
1026256,
1026257,
1026258,
1026259,
1026260,
1026261,
1026262,
1026263,
1026383,
1026384,
1026385,
1026386,
1026387,
1026511,
1026512,
1026513,
1026514,
1038155,
1038161,
1038162,
1038163,
1038164,
1038281,
1038282,
1038283,
1038284,
1038285,
1038286,
1038287,
1038288,
1038289,
1038290,
1038291,
1038292,
1038293,
1038294,
1038295,
1038404,
1038405,
1038406,
1038407,
1038408,
1038409,
1038410,
1038411,
1038412,
1038413,
1038414,
1038415,
1038416,
1038417,
1038418,
1038419,
1038420,
1038421,
1038422,
1038423,
1038424,
1038425,
1038427,
1038528,
1038529,
1038530,
1038531,
1038532,
1038533,
1038534,
1038535,
1038536,
1038537,
1038538,
1038539,
1038540,
1038541,
1038542,
1038543,
1038544,
1038545,
1038546,
1038547,
1038548,
1038549,
1038550,
1038551,
1038552,
1038553,
1038555,
1038656,
1038657,
1038658,
1038659,
1038660,
1038661,
1038662,
1038663,
1038664,
1038665,
1038666,
1038667,
1038668,
1038669,
1038670,
1038671,
1038672,
1038673,
1038674,
1038675,
1038676,
1038677,
1038678,
1038679,
1038680,
1038681,
1038784,
1038785,
1038786,
1038787,
1038788,
1038789,
1038790,
1038791,
1038792,
1038793,
1038794,
1038795,
1038796,
1038797,
1038798,
1038799,
1038800,
1038801,
1038802,
1038803,
1038804,
1038807,
1038808,
1038809,
1038912,
1038913,
1038914,
1038915,
1038916,
1038917,
1038918,
1038919,
1038920,
1038921,
1038922,
1038923,
1038924,
1038925,
1038926,
1038927,
1038928,
1038929,
1038936,
1039040,
1039041,
1039042,
1039043,
1039044,
1039045,
1039046,
1039047,
1039048,
1039049,
1039050,
1039051,
1039053,
1039064,
1039169,
1039170,
1039171,
1039172,
1039173,
1039174,
1039175,
1039176,
1039177,
1039188,
1039189,
1039190,
1039191,
1039192,
1039193,
1039194,
1039195,
1039196,
1039311,
1039312,
1039313,
1039314,
1039315,
1039316,
1039317,
1039318,
1039319,
1039320,
1039321,
1039322,
1039323,
1039324,
1039438,
1039439,
1039440,
1039441,
1039442,
1039443,
1039444,
1039445,
1039447,
1039448,
1039449,
1039450,
1039451,
1039452,
1040851,
1040852,
1040853,
1040854,
1040857,
1040858,
1040859,
1040860,
1040975,
1040976,
1040977,
1040978,
1040979,
1040980,
1040981,
1040982,
1040983,
1040984,
1040985,
1040986,
1040987,
1040988,
1041103,
1041104,
1041105,
1041106,
1041107,
1041108,
1041109,
1041110,
1041111,
1041112,
1041113,
1041114,
1041115,
1041116,
1041228,
1041232,
1041233,
1041234,
1041235,
1041236,
1041237,
1041238,
1041239,
1041243,
1041356,
1041357,
1041360,
1041361,
1041485,
1041486,
1041487,
1041488,
1041489,
1041490,
1041613,
1041614,
1041615,
1041616,
1041617,
1041618,
1041619,
1041620,
1041621,
1041622,
1041741,
1041742,
1041743,
1041744,
1041745,
1041746,
1041747,
1041748,
1041749,
1041750,
1041751,
1041869,
1041870,
1041871,
1041872,
1041873,
1041874,
1041875,
1041876,
1041877,
1041878,
1041879,
1041880,
1041881,
1041997,
1041998,
1041999,
1042000,
1042001,
1042002,
1042003,
1042004,
1042005,
1042006,
1042007,
1042008,
1042009,
1042010,
1042125,
1042126,
1042127,
1042128,
1042129,
1042130,
1042131,
1042132,
1042133,
1042134,
1042135,
1042136,
1042253,
1042254,
1042255,
1042256,
1042257,
1042258,
1042259,
1042260,
1042261,
1042262,
1042263,
1042264,
1042379,
1042380,
1042381,
1042382,
1042383,
1042384,
1042385,
1042386,
1042387,
1042388,
1042389,
1042390,
1042391,
1042507,
1042508,
1042509,
1042510,
1042511,
1042512,
1042513,
1042514,
1042515,
1042516,
1042517,
1042518,
1042519,
1042636,
1042637,
1042638,
1042639,
1042640,
1042641,
1042642,
1042643,
1042644,
1042645,
1042646,
1042647,
1042766,
1042767,
1042768,
1042769,
1042770,
1042771,
1042772,
1042895,
1042896,
1042897,
1042898,
1042899,
1043023,
1043024,
1043025,
1043026,
1054538,
1054539,
1054540,
1054546,
1054547,
1054661,
1054662,
1054663,
1054664,
1054665,
1054666,
1054667,
1054668,
1054669,
1054670,
1054671,
1054672,
1054673,
1054674,
1054675,
1054676,
1054677,
1054785,
1054786,
1054787,
1054788,
1054789,
1054790,
1054791,
1054792,
1054793,
1054794,
1054795,
1054796,
1054797,
1054798,
1054799,
1054800,
1054801,
1054802,
1054803,
1054804,
1054805,
1054806,
1054912,
1054913,
1054914,
1054915,
1054916,
1054917,
1054918,
1054919,
1054920,
1054921,
1054922,
1054923,
1054924,
1054925,
1054926,
1054927,
1054928,
1054929,
1054930,
1054931,
1054932,
1054933,
1054936,
1055040,
1055041,
1055042,
1055043,
1055044,
1055045,
1055046,
1055047,
1055048,
1055049,
1055050,
1055051,
1055052,
1055053,
1055054,
1055055,
1055056,
1055057,
1055058,
1055059,
1055064,
1055168,
1055169,
1055170,
1055171,
1055172,
1055173,
1055174,
1055175,
1055176,
1055177,
1055178,
1055179,
1055180,
1055181,
1055182,
1055183,
1055184,
1055185,
1055296,
1055297,
1055298,
1055299,
1055300,
1055301,
1055302,
1055303,
1055304,
1055305,
1055306,
1055307,
1055308,
1055309,
1055424,
1055425,
1055426,
1055427,
1055428,
1055429,
1055430,
1055431,
1055432,
1055433,
1055707,
1057997,
1058125,
1058126,
1058127,
1058128,
1058129,
1058130,
1058131,
1058132,
1058133,
1058134,
1058253,
1058254,
1058255,
1058256,
1058257,
1058258,
1058259,
1058260,
1058261,
1058262,
1058263,
1058381,
1058382,
1058383,
1058384,
1058385,
1058386,
1058387,
1058388,
1058389,
1058390,
1058391,
1058392,
1058509,
1058510,
1058511,
1058512,
1058513,
1058514,
1058515,
1058516,
1058517,
1058518,
1058519,
1058637,
1058638,
1058639,
1058640,
1058641,
1058642,
1058643,
1058644,
1058645,
1058646,
1058647,
1058765,
1058766,
1058767,
1058768,
1058769,
1058770,
1058771,
1058772,
1058773,
1058774,
1058775,
1058891,
1058892,
1058893,
1058894,
1058895,
1058896,
1058897,
1058898,
1058899,
1058900,
1058901,
1058902,
1058903,
1059019,
1059020,
1059021,
1059022,
1059023,
1059024,
1059025,
1059026,
1059027,
1059028,
1059029,
1059030,
1059031,
1059147,
1059148,
1059149,
1059150,
1059151,
1059152,
1059153,
1059154,
1059155,
1059156,
1059278,
1059279,
1059280,
1059281,
1059282,
1059283,
1059407,
1059408,
1059409,
1059410,
1059535,
1059536,
1059537,
1070922,
1070923,
1070924,
1071045,
1071046,
1071047,
1071048,
1071049,
1071050,
1071051,
1071052,
1071053,
1071054,
1071055,
1071056,
1071057,
1071058,
1071059,
1071060,
1071161,
1071168,
1071169,
1071170,
1071171,
1071172,
1071173,
1071174,
1071175,
1071176,
1071177,
1071178,
1071179,
1071180,
1071181,
1071182,
1071183,
1071184,
1071185,
1071186,
1071187,
1071188,
1071296,
1071297,
1071298,
1071299,
1071300,
1071301,
1071302,
1071303,
1071304,
1071305,
1071306,
1071307,
1071308,
1071309,
1071310,
1071311,
1071312,
1071313,
1071314,
1071315,
1071424,
1071425,
1071426,
1071427,
1071428,
1071429,
1071430,
1071431,
1071432,
1071433,
1071434,
1071435,
1071436,
1071437,
1071438,
1071439,
1071440,
1071441,
1071442,
1071552,
1071553,
1071554,
1071555,
1071556,
1071557,
1071558,
1071559,
1071560,
1071561,
1071562,
1071563,
1071564,
1071565,
1071566,
1071567,
1071568,
1071569,
1071680,
1071681,
1071682,
1071683,
1071684,
1071685,
1071686,
1071687,
1071688,
1071689,
1071690,
1074509,
1074637,
1074638,
1074639,
1074640,
1074641,
1074642,
1074643,
1074644,
1074645,
1074646,
1074647,
1074765,
1074766,
1074767,
1074768,
1074769,
1074770,
1074771,
1074772,
1074773,
1074774,
1074775,
1074893,
1074894,
1074895,
1074896,
1074897,
1074898,
1074899,
1074900,
1074901,
1074902,
1074903,
1075021,
1075022,
1075023,
1075024,
1075025,
1075026,
1075027,
1075028,
1075029,
1075030,
1075031,
1075149,
1075150,
1075151,
1075152,
1075153,
1075154,
1075155,
1075156,
1075157,
1075158,
1075159,
1075277,
1075278,
1075279,
1075280,
1075281,
1075282,
1075283,
1075284,
1075286,
1075403,
1075404,
1075405,
1075406,
1075407,
1075408,
1075409,
1075410,
1075411,
1075412,
1075531,
1075532,
1075533,
1075534,
1075535,
1075536,
1075537,
1075538,
1075539,
1075660,
1075661,
1075662,
1075663,
1075664,
1075665,
1075666,
1075667,
1075790,
1075791,
1075792,
1075793,
1075794,
1075919,
1075920,
1075921,
1087306,
1087307,
1087308,
1087430,
1087431,
1087432,
1087433,
1087434,
1087435,
1087436,
1087437,
1087552,
1087553,
1087554,
1087555,
1087556,
1087557,
1087558,
1087559,
1087560,
1087561,
1087562,
1087563,
1087564,
1087565,
1087566,
1087567,
1087568,
1087569,
1087570,
1087680,
1087681,
1087682,
1087683,
1087684,
1087685,
1087686,
1087687,
1087688,
1087689,
1087690,
1087691,
1087692,
1087693,
1087694,
1087695,
1087696,
1087697,
1087808,
1087809,
1087810,
1087811,
1087812,
1087813,
1087814,
1087815,
1087816,
1087817,
1087818,
1087819,
1087820,
1087821,
1087822,
1087823,
1087824,
1087825,
1087936,
1087937,
1087938,
1087939,
1087940,
1087941,
1087942,
1087943,
1087944,
1087945,
1087946,
1087947,
1087948,
1087949,
1091021,
1091022,
1091023,
1091024,
1091025,
1091149,
1091150,
1091151,
1091152,
1091153,
1091154,
1091155,
1091158,
1091277,
1091278,
1091279,
1091280,
1091281,
1091282,
1091283,
1091284,
1091285,
1091286,
1091287,
1091405,
1091406,
1091407,
1091408,
1091409,
1091410,
1091411,
1091412,
1091413,
1091414,
1091533,
1091534,
1091535,
1091536,
1091537,
1091538,
1091539,
1091540,
1091661,
1091662,
1091663,
1091664,
1091665,
1091666,
1091667,
1091787,
1091788,
1091789,
1091790,
1091791,
1091792,
1091793,
1091794,
1091795,
1091915,
1091916,
1091917,
1091918,
1091919,
1091920,
1091921,
1091922,
1091923,
1092044,
1092045,
1092046,
1092047,
1092048,
1092049,
1092050,
1092051,
1092173,
1092174,
1092175,
1092176,
1092177,
1092303,
1092304,
1092305,
1103691,
1103817,
1103818,
1103819,
1103820,
1103938,
1103939,
1103940,
1103941,
1103942,
1103943,
1103944,
1103945,
1103946,
1103947,
1103948,
1103949,
1104064,
1104065,
1104066,
1104067,
1104068,
1104069,
1104070,
1104071,
1104072,
1104073,
1104074,
1104075,
1104076,
1104080,
1104192,
1104193,
1104194,
1104195,
1104196,
1104197,
1104198,
1104199,
1104200,
1104201,
1104202,
1104204,
1104320,
1104323,
1107404,
1107405,
1107406,
1107532,
1107533,
1107534,
1107535,
1107536,
1107537,
1107660,
1107661,
1107662,
1107663,
1107664,
1107665,
1107666,
1107667,
1107789,
1107790,
1107791,
1107792,
1107793,
1107794,
1107795,
1107917,
1107918,
1107919,
1107920,
1107921,
1107922,
1108045,
1108046,
1108047,
1108048,
1108049,
1108050,
1108051,
1108171,
1108172,
1108173,
1108174,
1108175,
1108176,
1108177,
1108178,
1108299,
1108300,
1108301,
1108302,
1108303,
1108304,
1108305,
1108306,
1108428,
1108429,
1108430,
1108431,
1108432,
1108557,
1108558,
1108559,
1120202,
1120203,
1120204,
1120326,
1120327,
1120328,
1120330,
1120331,
1120332,
1120450,
1120451,
1120452,
1120453,
1120454,
1120455,
1120456,
1120578,
1120579,
1120580,
1123917,
1123918,
1123919,
1124044,
1124045,
1124046,
1124047,
1124048,
1124172,
1124173,
1124174,
1124175,
1124176,
1124300,
1124301,
1124302,
1124303,
1124304,
1124428,
1124429,
1124430,
1124431,
1124432,
1124556,
1124557,
1124558,
1124559,
1124560,
1124685,
1124686,
1124687,
1124814,
1140558,
1140686,
1140814,
1140942,
